1 1031 
2 284 
3 140 
4 128 
5 337 
6 410 
7 190 
8 147 
9 130 
10 348 
11 161 
12 170 
13 556 
14 419 
15 3291 
16 374 
17 154 
18 267 
19 133 
20 446 
21 1432 
22 129 
23 271 
24 279 
25 201 
26 165 
27 185 
28 134 
29 594 
30 158 
31 295 
32 513 
33 380 
34 229 
35 173 
36 2138 
37 158 
38 198 
39 344 
40 222 
41 3432 
42 159 
43 333 
44 671 
45 330 
46 566 
47 272 
48 2707 
49 678 
50 177 
51 153 
52 154 
53 364 
54 2351 
55 296 
56 263 
57 124 
58 354 
59 733 
60 245 
61 371 
62 131 
63 173 
64 464 
65 245 
66 230 
67 653 
68 301 
69 149 
70 297 
71 476 
72 545 
73 171 
74 159 
75 174 
76 185 
77 302 
78 242 
79 194 
80 162 
81 146 
82 3982 
83 263 
84 205 
85 146 
86 221 
87 243 
88 176 
89 177 
90 128 
91 205 
92 153 
93 399 
94 124 
95 132 
96 149 
97 164 
98 209 
99 306 
100 147 
101 211 
102 273 
103 238 
104 560 
105 199 
106 441 
107 392 
108 329 
109 320 
110 127 
111 303 
112 220 
113 139 
114 192 
115 259 
116 143 
117 303 
118 189 
119 279 
120 724 
121 139 
122 143 
123 188 
124 184 
125 188 
126 152 
127 436 
128 276 
129 1937 
130 192 
131 252 
132 408 
133 3767 
134 587 
135 3955 
136 1448 
137 1208 
138 575 
139 134 
140 377 
141 175 
142 228 
143 310 
144 177 
145 530 
146 156 
147 279 
148 220 
149 161 
150 668 
151 163 
152 150 
153 825 
154 191 
155 196 
156 3424 
157 222 
158 137 
159 195 
160 507 
161 847 
162 345 
163 127 
164 168 
165 337 
166 360 
167 304 
168 166 
169 211 
170 227 
171 171 
172 162 
173 232 
174 851 
175 220 
176 161 
177 675 
178 149 
179 214 
180 582 
181 270 
182 451 
183 257 
184 1585 
185 511 
186 2436 
187 360 
188 681 
189 211 
190 235 
191 1103 
192 183 
193 3557 
194 671 
195 432 
196 209 
197 554 
198 125 
199 3894 
200 225 
201 189 
202 2545 
203 220 
204 381 
205 245 
206 376 
207 272 
208 220 
209 1641 
210 191 
211 190 
212 432 
213 226 
214 187 
215 217 
216 151 
217 133 
218 3797 
219 234 
220 2072 
221 213 
222 188 
223 1049 
224 1352 
225 222 
226 297 
227 281 
228 161 
229 393 
230 252 
231 274 
232 142 
233 188 
234 223 
235 149 
236 126 
237 251 
238 188 
239 169 
240 441 
241 3473 
242 186 
243 225 
244 3758 
245 1478 
246 241 
247 677 
248 170 
249 1251 
250 407 
251 189 
252 4095 
253 477 
254 509 
255 189 
256 505 
257 1257 
258 265 
259 244 
260 3168 
261 458 
262 908 
263 191 
264 655 
265 192 
266 2192 
267 153 
268 162 
269 2349 
270 371 
271 273 
272 439 
273 157 
274 470 
275 148 
276 3803 
277 1743 
278 345 
279 1728 
280 346 
281 581 
282 266 
283 206 
284 347 
285 240 
286 130 
287 269 
288 278 
289 3076 
290 1616 
291 160 
292 1842 
293 131 
294 1270 
295 376 
296 294 
297 140 
298 294 
299 417 
300 130 
301 512 
302 253 
303 384 
304 158 
305 165 
306 155 
307 806 
308 318 
309 352 
310 348 
311 145 
312 200 
313 1595 
314 1051 
315 3570 
316 187 
317 197 
318 484 
319 758 
320 234 
321 180 
322 3079 
323 2043 
324 2723 
325 221 
326 213 
327 310 
328 1042 
329 1939 
330 140 
331 124 
332 180 
333 310 
334 1257 
335 270 
336 2931 
337 131 
338 403 
339 141 
340 3570 
341 172 
342 357 
343 274 
344 359 
345 1215 
346 774 
347 159 
348 241 
349 1428 
350 128 
351 585 
352 223 
353 170 
354 280 
355 186 
356 140 
357 217 
358 3269 
359 279 
360 156 
361 387 
362 177 
363 128 
364 3374 
365 597 
366 196 
367 249 
368 3662 
369 177 
370 156 
371 172 
372 203 
373 329 
374 244 
375 287 
376 2253 
377 3377 
378 2731 
379 130 
380 138 
381 361 
382 3944 
383 317 
384 129 
385 242 
386 228 
387 206 
388 152 
389 215 
390 342 
391 406 
392 181 
393 661 
394 3904 
395 430 
396 245 
397 125 
398 1533 
399 161 
400 2235 
401 498 
402 152 
403 273 
404 1852 
405 314 
406 244 
407 1250 
408 1350 
409 684 
410 373 
411 356 
412 383 
413 196 
414 547 
415 182 
416 4086 
417 2610 
418 2467 
419 133 
420 329 
421 270 
422 140 
423 765 
424 3927 
425 790 
426 373 
427 134 
428 182 
429 257 
430 136 
431 195 
432 2062 
433 995 
434 145 
435 664 
436 152 
437 309 
438 478 
439 140 
440 222 
441 207 
442 2524 
443 228 
444 469 
445 186 
446 228 
447 296 
448 514 
449 277 
450 201 
451 2289 
452 210 
453 138 
454 1125 
455 208 
456 142 
457 266 
458 203 
459 437 
460 391 
461 149 
462 1826 
463 251 
464 302 
465 464 
466 1793 
467 295 
468 2233 
469 2337 
470 131 
471 422 
472 2335 
473 230 
474 269 
475 245 
476 225 
477 144 
478 404 
479 278 
480 248 
481 224 
482 380 
483 280 
484 658 
485 765 
486 1809 
487 179 
488 141 
489 330 
490 316 
491 1465 
492 3896 
493 3538 
494 167 
495 217 
496 218 
497 4095 
498 294 
499 138 
500 360 
501 544 
502 163 
503 2330 
504 151 
505 261 
506 802 
507 209 
508 328 
509 172 
510 3318 
511 559 
512 1160 
513 2273 
514 210 
515 199 
516 1027 
517 471 
518 160 
519 319 
520 220 
521 761 
522 688 
523 142 
524 3049 
525 204 
526 376 
527 193 
528 146 
529 144 
530 285 
531 167 
532 2668 
533 205 
534 166 
535 295 
536 192 
537 574 
538 292 
539 295 
540 4072 
541 148 
542 383 
543 4095 
544 289 
545 606 
546 144 
547 2091 
548 135 
549 457 
550 163 
551 208 
552 230 
553 134 
554 136 
555 553 
556 238 
557 296 
558 1011 
559 365 
560 199 
561 3953 
562 192 
563 236 
564 253 
565 166 
566 2936 
567 336 
568 339 
569 193 
570 283 
571 322 
572 261 
573 194 
574 181 
575 3969 
576 283 
577 381 
578 237 
579 1809 
580 291 
581 175 
582 125 
583 253 
584 341 
585 158 
586 963 
587 255 
588 325 
589 125 
590 253 
591 390 
592 155 
593 322 
594 137 
595 895 
596 138 
597 473 
598 176 
599 712 
600 3064 
601 348 
602 183 
603 128 
604 1517 
605 217 
606 271 
607 198 
608 164 
609 203 
610 243 
611 203 
612 158 
613 323 
614 170 
615 184 
616 352 
617 312 
618 1855 
619 202 
620 210 
621 584 
622 138 
623 251 
624 3282 
625 131 
626 307 
627 595 
628 3074 
629 1961 
630 188 
631 303 
632 218 
633 1359 
634 439 
635 536 
636 148 
637 585 
638 216 
639 471 
640 134 
641 3061 
642 290 
643 241 
644 199 
645 355 
646 360 
647 963 
648 152 
649 175 
650 643 
651 328 
652 166 
653 226 
654 562 
655 124 
656 558 
657 211 
658 307 
659 186 
660 263 
661 144 
662 2443 
663 375 
664 289 
665 262 
666 2389 
667 308 
668 278 
669 275 
670 291 
671 413 
672 226 
673 3335 
674 187 
675 149 
676 165 
677 549 
678 129 
679 745 
680 145 
681 214 
682 181 
683 431 
684 361 
685 306 
686 198 
687 411 
688 178 
689 417 
690 159 
691 177 
692 867 
693 361 
694 371 
695 126 
696 257 
697 152 
698 194 
699 250 
700 371 
701 3310 
702 413 
703 188 
704 248 
705 216 
706 2362 
707 433 
708 3398 
709 1210 
710 231 
711 156 
712 163 
713 194 
714 241 
715 348 
716 278 
717 272 
718 161 
719 282 
720 171 
721 2379 
722 195 
723 151 
724 173 
725 285 
726 236 
727 337 
728 160 
729 3068 
730 336 
731 448 
732 129 
733 265 
734 224 
735 322 
736 897 
737 187 
738 297 
739 488 
740 142 
741 594 
742 135 
743 237 
744 253 
745 3310 
746 244 
747 465 
748 954 
749 307 
750 198 
751 772 
752 642 
753 3369 
754 269 
755 989 
756 150 
757 353 
758 225 
759 2972 
760 141 
761 169 
762 285 
763 210 
764 247 
765 133 
766 128 
767 277 
768 280 
769 241 
770 402 
771 454 
772 134 
773 154 
774 395 
775 178 
776 442 
777 322 
778 139 
779 140 
780 439 
781 219 
782 235 
783 1136 
784 2696 
785 187 
786 135 
787 1521 
788 683 
789 189 
790 3269 
791 540 
792 202 
793 204 
794 246 
795 288 
796 139 
797 215 
798 164 
799 387 
800 261 
801 189 
802 556 
803 160 
804 3851 
805 1076 
806 202 
807 293 
808 222 
809 139 
810 2486 
811 4095 
812 174 
813 534 
814 261 
815 2658 
816 270 
817 182 
818 3013 
819 148 
820 342 
821 480 
822 471 
823 157 
824 168 
825 368 
826 449 
827 427 
828 364 
829 172 
830 2721 
831 536 
832 2217 
833 155 
834 177 
835 257 
836 363 
837 131 
838 205 
839 204 
840 755 
841 2643 
842 384 
843 1794 
844 531 
845 328 
846 124 
847 468 
848 414 
849 514 
850 776 
851 189 
852 1174 
853 258 
854 330 
855 347 
856 305 
857 241 
858 203 
859 137 
860 259 
861 333 
862 154 
863 349 
864 290 
865 1711 
866 890 
867 241 
868 286 
869 166 
870 659 
871 268 
872 416 
873 528 
874 3134 
875 1670 
876 314 
877 4095 
878 267 
879 2121 
880 3798 
881 281 
882 3701 
883 292 
884 347 
885 178 
886 126 
887 650 
888 155 
889 143 
890 3385 
891 1398 
892 260 
893 240 
894 230 
895 246 
896 193 
897 334 
898 1319 
899 278 
900 1758 
901 294 
902 183 
903 3192 
904 193 
905 193 
906 250 
907 244 
908 243 
909 132 
910 1228 
911 3962 
912 361 
913 216 
914 162 
915 203 
916 205 
917 165 
918 2421 
919 131 
920 2602 
921 319 
922 453 
923 392 
924 2189 
925 330 
926 3892 
927 156 
928 249 
929 250 
930 353 
931 659 
932 265 
933 145 
934 3558 
935 250 
936 1251 
937 2730 
938 154 
939 1452 
940 264 
941 2606 
942 453 
943 270 
944 230 
945 309 
946 143 
947 132 
948 241 
949 4045 
950 324 
951 2540 
952 188 
953 328 
954 280 
955 285 
956 252 
957 573 
958 390 
959 638 
960 172 
961 273 
962 213 
963 539 
964 133 
965 521 
966 224 
967 126 
968 208 
969 286 
970 137 
971 132 
972 268 
973 151 
974 3373 
975 139 
976 461 
977 3915 
978 772 
979 217 
980 221 
981 228 
982 160 
983 198 
984 225 
985 4095 
986 179 
987 140 
988 145 
989 310 
990 1495 
991 3045 
992 128 
993 1333 
994 141 
995 129 
996 359 
997 276 
998 4095 
999 238 
1000 366 
1001 239 
1002 325 
1003 219 
1004 2200 
1005 134 
1006 608 
1007 371 
1008 263 
1009 228 
1010 415 
1011 317 
1012 308 
1013 184 
1014 186 
1015 281 
1016 162 
1017 140 
1018 167 
1019 363 
1020 141 
1021 3732 
1022 305 
1023 714 
1024 334 
1025 168 
1026 137 
1027 453 
1028 588 
1029 408 
1030 222 
1031 235 
1032 210 
1033 1277 
1034 286 
1035 361 
1036 1920 
1037 440 
1038 185 
1039 209 
1040 243 
1041 264 
1042 278 
1043 759 
1044 190 
1045 299 
1046 4095 
1047 1671 
1048 481 
1049 394 
1050 204 
1051 167 
1052 1209 
1053 165 
1054 219 
1055 596 
1056 494 
1057 676 
1058 306 
1059 703 
1060 577 
1061 3178 
1062 403 
1063 2497 
1064 157 
1065 145 
1066 201 
1067 457 
1068 205 
1069 351 
1070 487 
1071 366 
1072 137 
1073 439 
1074 177 
1075 129 
1076 243 
1077 232 
1078 431 
1079 452 
1080 314 
1081 139 
1082 2358 
1083 323 
1084 3663 
1085 300 
1086 363 
1087 481 
1088 239 
1089 216 
1090 549 
1091 583 
1092 236 
1093 1796 
1094 254 
1095 143 
1096 138 
1097 167 
1098 179 
1099 564 
1100 549 
1101 399 
1102 235 
1103 365 
1104 296 
1105 133 
1106 3671 
1107 1299 
1108 271 
1109 354 
1110 185 
1111 631 
1112 267 
1113 1707 
1114 184 
1115 289 
1116 260 
1117 295 
1118 531 
1119 362 
1120 1514 
1121 141 
1122 252 
1123 454 
1124 135 
1125 195 
1126 426 
1127 238 
1128 309 
1129 268 
1130 127 
1131 240 
1132 256 
1133 315 
1134 449 
1135 226 
1136 350 
1137 196 
1138 223 
1139 2025 
1140 223 
1141 265 
1142 383 
1143 198 
1144 849 
1145 1327 
1146 136 
1147 146 
1148 377 
1149 197 
1150 1338 
1151 271 
1152 1340 
1153 632 
1154 662 
1155 139 
1156 4032 
1157 164 
1158 454 
1159 194 
1160 138 
1161 1207 
1162 282 
1163 2122 
1164 281 
1165 502 
1166 146 
1167 1083 
1168 166 
1169 129 
1170 234 
1171 507 
1172 340 
1173 243 
1174 1905 
1175 220 
1176 402 
1177 352 
1178 291 
1179 232 
1180 439 
1181 637 
1182 344 
1183 136 
1184 638 
1185 3421 
1186 283 
1187 182 
1188 394 
1189 152 
1190 426 
1191 139 
1192 203 
1193 743 
1194 1938 
1195 506 
1196 1536 
1197 186 
1198 133 
1199 179 
1200 2708 
1201 271 
1202 235 
1203 367 
1204 238 
1205 148 
1206 3010 
1207 465 
1208 244 
1209 151 
1210 317 
1211 336 
1212 270 
1213 139 
1214 2459 
1215 153 
1216 3832 
1217 181 
1218 365 
1219 136 
1220 2296 
1221 265 
1222 1093 
1223 468 
1224 173 
1225 2804 
1226 244 
1227 130 
1228 145 
1229 383 
1230 1238 
1231 255 
1232 376 
1233 125 
1234 1875 
1235 196 
1236 318 
1237 174 
1238 333 
1239 236 
1240 2493 
1241 179 
1242 294 
1243 284 
1244 264 
1245 910 
1246 154 
1247 378 
1248 315 
1249 3029 
1250 4040 
1251 2430 
1252 252 
1253 882 
1254 135 
1255 267 
1256 575 
1257 172 
1258 407 
1259 137 
1260 256 
1261 226 
1262 160 
1263 353 
1264 165 
1265 3484 
1266 253 
1267 1561 
1268 3093 
1269 143 
1270 556 
1271 146 
1272 192 
1273 234 
1274 168 
1275 179 
1276 2988 
1277 128 
1278 180 
1279 145 
1280 1880 
1281 291 
1282 169 
1283 3577 
1284 298 
1285 287 
1286 2574 
1287 251 
1288 909 
1289 2561 
1290 445 
1291 173 
1292 160 
1293 253 
1294 175 
1295 305 
1296 323 
1297 825 
1298 232 
1299 2049 
1300 200 
1301 153 
1302 409 
1303 356 
1304 163 
1305 558 
1306 153 
1307 258 
1308 313 
1309 571 
1310 233 
1311 145 
1312 216 
1313 1466 
1314 213 
1315 225 
1316 261 
1317 297 
1318 355 
1319 340 
1320 3186 
1321 436 
1322 324 
1323 357 
1324 3182 
1325 793 
1326 216 
1327 171 
1328 365 
1329 382 
1330 389 
1331 276 
1332 186 
1333 267 
1334 298 
1335 181 
1336 194 
1337 270 
1338 178 
1339 156 
1340 623 
1341 142 
1342 316 
1343 226 
1344 197 
1345 307 
1346 309 
1347 734 
1348 168 
1349 451 
1350 333 
1351 158 
1352 174 
1353 219 
1354 958 
1355 231 
1356 501 
1357 656 
1358 134 
1359 166 
1360 331 
1361 448 
1362 286 
1363 231 
1364 333 
1365 557 
1366 314 
1367 286 
1368 154 
1369 297 
1370 142 
1371 1827 
1372 324 
1373 160 
1374 181 
1375 301 
1376 142 
1377 353 
1378 235 
1379 139 
1380 183 
1381 432 
1382 208 
1383 177 
1384 3767 
1385 397 
1386 266 
1387 571 
1388 247 
1389 479 
1390 572 
1391 376 
1392 1707 
1393 146 
1394 426 
1395 338 
1396 523 
1397 229 
1398 265 
1399 204 
1400 325 
1401 1086 
1402 207 
1403 2780 
1404 437 
1405 189 
1406 190 
1407 373 
1408 157 
1409 508 
1410 211 
1411 4065 
1412 177 
1413 3308 
1414 2384 
1415 252 
1416 229 
1417 308 
1418 734 
1419 1748 
1420 199 
1421 2042 
1422 573 
1423 2108 
1424 557 
1425 227 
1426 254 
1427 245 
1428 230 
1429 175 
1430 230 
1431 213 
1432 506 
1433 140 
1434 172 
1435 378 
1436 131 
1437 780 
1438 149 
1439 168 
1440 1318 
1441 334 
1442 2559 
1443 132 
1444 250 
1445 400 
1446 342 
1447 154 
1448 1113 
1449 2975 
1450 346 
1451 150 
1452 182 
1453 230 
1454 147 
1455 319 
1456 1062 
1457 1314 
1458 345 
1459 218 
1460 2794 
1461 157 
1462 3191 
1463 302 
1464 215 
1465 2162 
1466 296 
1467 138 
1468 183 
1469 2805 
1470 218 
1471 127 
1472 2438 
1473 305 
1474 141 
1475 348 
1476 154 
1477 807 
1478 255 
1479 144 
1480 383 
1481 297 
1482 2402 
1483 173 
1484 2701 
1485 255 
1486 2198 
1487 341 
1488 231 
1489 195 
1490 399 
1491 400 
1492 139 
1493 527 
1494 3348 
1495 349 
1496 161 
1497 2747 
1498 160 
1499 403 
1500 287 
1501 152 
1502 175 
1503 3670 
1504 770 
1505 482 
1506 200 
1507 2136 
1508 182 
1509 162 
1510 393 
1511 435 
1512 153 
1513 199 
1514 220 
1515 151 
1516 261 
1517 2106 
1518 136 
1519 244 
1520 589 
1521 286 
1522 180 
1523 167 
1524 2816 
1525 181 
1526 339 
1527 983 
1528 181 
1529 154 
1530 168 
1531 232 
1532 709 
1533 176 
1534 343 
1535 183 
1536 395 
1537 257 
1538 3959 
1539 684 
1540 1001 
1541 145 
1542 483 
1543 200 
1544 199 
1545 309 
1546 4095 
1547 286 
1548 166 
1549 576 
1550 478 
1551 589 
1552 3717 
1553 788 
1554 3831 
1555 127 
1556 614 
1557 460 
1558 173 
1559 142 
1560 133 
1561 204 
1562 742 
1563 167 
1564 249 
1565 316 
1566 193 
1567 690 
1568 147 
1569 341 
1570 384 
1571 255 
1572 127 
1573 298 
1574 351 
1575 240 
1576 263 
1577 219 
1578 129 
1579 255 
1580 214 
1581 159 
1582 351 
1583 3086 
1584 392 
1585 160 
1586 2411 
1587 140 
1588 199 
1589 133 
1590 235 
1591 174 
1592 632 
1593 220 
1594 178 
1595 482 
1596 478 
1597 187 
1598 153 
1599 375 
1600 338 
1601 3381 
1602 169 
1603 403 
1604 1164 
1605 136 
1606 194 
1607 151 
1608 3592 
1609 331 
1610 169 
1611 240 
1612 223 
1613 171 
1614 243 
1615 2921 
1616 788 
1617 519 
1618 356 
1619 345 
1620 494 
1621 256 
1622 1674 
1623 314 
1624 290 
1625 196 
1626 180 
1627 209 
1628 525 
1629 717 
1630 696 
1631 317 
1632 153 
1633 1291 
1634 136 
1635 253 
1636 3601 
1637 229 
1638 585 
1639 255 
1640 2923 
1641 219 
1642 202 
1643 424 
1644 547 
1645 625 
1646 159 
1647 305 
1648 214 
1649 213 
1650 422 
1651 137 
1652 270 
1653 270 
1654 4053 
1655 153 
1656 468 
1657 134 
1658 167 
1659 267 
1660 383 
1661 507 
1662 155 
1663 1213 
1664 170 
1665 398 
1666 275 
1667 162 
1668 336 
1669 3501 
1670 558 
1671 232 
1672 184 
1673 200 
1674 320 
1675 414 
1676 305 
1677 383 
1678 165 
1679 3808 
1680 333 
1681 236 
1682 634 
1683 213 
1684 3837 
1685 3777 
1686 2523 
1687 141 
1688 146 
1689 698 
1690 205 
1691 336 
1692 231 
1693 332 
1694 228 
1695 131 
1696 540 
1697 410 
1698 2079 
1699 169 
1700 414 
1701 264 
1702 2280 
1703 319 
1704 179 
1705 128 
1706 255 
1707 249 
1708 257 
1709 4082 
1710 162 
1711 230 
1712 2592 
1713 202 
1714 182 
1715 171 
1716 183 
1717 349 
1718 405 
1719 279 
1720 430 
1721 261 
1722 239 
1723 175 
1724 318 
1725 292 
1726 405 
1727 187 
1728 361 
1729 148 
1730 497 
1731 152 
1732 466 
1733 125 
1734 310 
1735 181 
1736 128 
1737 717 
1738 1588 
1739 273 
1740 2366 
1741 148 
1742 199 
1743 651 
1744 215 
1745 149 
1746 158 
1747 3385 
1748 3845 
1749 159 
1750 3403 
1751 188 
1752 370 
1753 1745 
1754 141 
1755 276 
1756 2690 
1757 314 
1758 321 
1759 278 
1760 192 
1761 480 
1762 3284 
1763 463 
1764 384 
1765 235 
1766 152 
1767 636 
1768 271 
1769 189 
1770 257 
1771 560 
1772 3412 
1773 151 
1774 152 
1775 228 
1776 1011 
1777 289 
1778 460 
1779 231 
1780 154 
1781 162 
1782 530 
1783 1007 
1784 236 
1785 630 
1786 166 
1787 359 
1788 2200 
1789 393 
1790 557 
1791 267 
1792 144 
1793 3267 
1794 217 
1795 127 
1796 363 
1797 207 
1798 168 
1799 233 
1800 329 
1801 275 
1802 131 
1803 365 
1804 448 
1805 221 
1806 169 
1807 298 
1808 246 
1809 414 
1810 476 
1811 134 
1812 1533 
1813 358 
1814 272 
1815 130 
1816 186 
1817 215 
1818 159 
1819 193 
1820 153 
1821 1175 
1822 305 
1823 131 
1824 332 
1825 237 
1826 748 
1827 417 
1828 138 
1829 827 
1830 207 
1831 295 
1832 314 
1833 617 
1834 262 
1835 1503 
1836 154 
1837 345 
1838 1806 
1839 448 
1840 145 
1841 2385 
1842 383 
1843 146 
1844 134 
1845 3401 
1846 407 
1847 149 
1848 2965 
1849 284 
1850 231 
1851 473 
1852 288 
1853 287 
1854 269 
1855 373 
1856 547 
1857 357 
1858 3759 
1859 474 
1860 279 
1861 159 
1862 983 
1863 233 
1864 571 
1865 3481 
1866 343 
1867 1129 
1868 554 
1869 210 
1870 383 
1871 268 
1872 320 
1873 129 
1874 208 
1875 294 
1876 434 
1877 184 
1878 453 
1879 140 
1880 209 
1881 177 
1882 295 
1883 556 
1884 911 
1885 267 
1886 486 
1887 1549 
1888 520 
1889 218 
1890 2928 
1891 148 
1892 143 
1893 593 
1894 846 
1895 585 
1896 202 
1897 134 
1898 310 
1899 269 
1900 397 
1901 133 
1902 371 
1903 218 
1904 1885 
1905 171 
1906 162 
1907 338 
1908 260 
1909 503 
1910 296 
1911 221 
1912 225 
1913 411 
1914 1567 
1915 310 
1916 3042 
1917 170 
1918 150 
1919 2082 
1920 188 
1921 142 
1922 209 
1923 3697 
1924 207 
1925 539 
1926 273 
1927 182 
1928 151 
1929 2387 
1930 2073 
1931 430 
1932 235 
1933 208 
1934 387 
1935 258 
1936 157 
1937 672 
1938 131 
1939 459 
1940 564 
1941 156 
1942 364 
1943 913 
1944 218 
1945 1797 
1946 440 
1947 167 
1948 272 
1949 1383 
1950 165 
1951 865 
1952 137 
1953 1136 
1954 207 
1955 231 
1956 171 
1957 284 
1958 133 
1959 246 
1960 710 
1961 335 
1962 188 
1963 204 
1964 223 
1965 365 
1966 226 
1967 155 
1968 614 
1969 266 
1970 179 
1971 246 
1972 280 
1973 2091 
1974 217 
1975 475 
1976 478 
1977 393 
1978 233 
1979 556 
1980 489 
1981 144 
1982 256 
1983 146 
1984 348 
1985 341 
1986 248 
1987 193 
1988 367 
1989 305 
1990 267 
1991 3132 
1992 671 
1993 3568 
1994 184 
1995 155 
1996 571 
1997 189 
1998 363 
1999 4095 
2000 229 
2001 174 
2002 573 
2003 292 
2004 218 
2005 334 
2006 620 
2007 178 
2008 184 
2009 221 
2010 413 
2011 565 
2012 240 
2013 131 
2014 221 
2015 132 
2016 846 
2017 157 
2018 3893 
2019 163 
2020 152 
2021 2825 
2022 407 
2023 1699 
2024 453 
2025 310 
2026 334 
2027 195 
2028 285 
2029 213 
2030 253 
2031 342 
2032 396 
2033 293 
2034 206 
2035 174 
2036 378 
2037 435 
2038 367 
2039 369 
2040 252 
2041 216 
2042 204 
2043 211 
2044 132 
2045 141 
2046 621 
2047 137 
2048 3717 
2049 341 
2050 236 
2051 191 
2052 3966 
2053 183 
2054 372 
2055 633 
2056 3591 
2057 167 
2058 228 
2059 589 
2060 229 
2061 285 
2062 350 
2063 272 
2064 914 
2065 715 
2066 173 
2067 215 
2068 184 
2069 226 
2070 196 
2071 237 
2072 511 
2073 292 
2074 3216 
2075 3390 
2076 191 
2077 171 
2078 3827 
2079 291 
2080 3214 
2081 231 
2082 1457 
2083 3362 
2084 437 
2085 128 
2086 475 
2087 287 
2088 605 
2089 262 
2090 602 
2091 196 
2092 3114 
2093 286 
2094 144 
2095 503 
2096 286 
2097 3934 
2098 169 
2099 219 
2100 328 
2101 394 
2102 171 
2103 326 
2104 190 
2105 323 
2106 200 
2107 146 
2108 214 
2109 402 
2110 399 
2111 178 
2112 133 
2113 131 
2114 291 
2115 177 
2116 295 
2117 785 
2118 205 
2119 151 
2120 2552 
2121 198 
2122 148 
2123 158 
2124 205 
2125 254 
2126 2595 
2127 266 
2128 135 
2129 250 
2130 396 
2131 1230 
2132 135 
2133 297 
2134 212 
2135 135 
2136 202 
2137 218 
2138 2677 
2139 1129 
2140 224 
2141 233 
2142 142 
2143 212 
2144 126 
2145 302 
2146 596 
2147 585 
2148 133 
2149 383 
2150 199 
2151 376 
2152 130 
2153 2137 
2154 176 
2155 3827 
2156 146 
2157 378 
2158 238 
2159 209 
2160 719 
2161 403 
2162 177 
2163 441 
2164 2840 
2165 580 
2166 239 
2167 214 
2168 613 
2169 337 
2170 3949 
2171 259 
2172 352 
2173 132 
2174 354 
2175 132 
2176 188 
2177 403 
2178 1414 
2179 236 
2180 1869 
2181 298 
2182 513 
2183 528 
2184 187 
2185 171 
2186 148 
2187 4023 
2188 266 
2189 550 
2190 704 
2191 259 
2192 382 
2193 235 
2194 496 
2195 2738 
2196 282 
2197 449 
2198 230 
2199 319 
2200 807 
2201 490 
2202 130 
2203 299 
2204 3458 
2205 392 
2206 160 
2207 272 
2208 214 
2209 197 
2210 190 
2211 247 
2212 162 
2213 218 
2214 219 
2215 213 
2216 168 
2217 303 
2218 213 
2219 367 
2220 196 
2221 1627 
2222 214 
2223 329 
2224 303 
2225 164 
2226 217 
2227 3857 
2228 208 
2229 2583 
2230 141 
2231 129 
2232 374 
2233 419 
2234 258 
2235 359 
2236 137 
2237 448 
2238 1354 
2239 301 
2240 278 
2241 247 
2242 509 
2243 423 
2244 190 
2245 382 
2246 1219 
2247 311 
2248 1460 
2249 351 
2250 1249 
2251 244 
2252 536 
2253 763 
2254 234 
2255 182 
2256 242 
2257 128 
2258 392 
2259 270 
2260 166 
2261 445 
2262 232 
2263 273 
2264 4080 
2265 538 
2266 131 
2267 326 
2268 133 
2269 910 
2270 389 
2271 593 
2272 254 
2273 392 
2274 224 
2275 3908 
2276 1083 
2277 147 
2278 163 
2279 2680 
2280 313 
2281 150 
2282 190 
2283 443 
2284 290 
2285 1061 
2286 334 
2287 283 
2288 129 
2289 746 
2290 460 
2291 3521 
2292 148 
2293 366 
2294 634 
2295 375 
2296 152 
2297 267 
2298 390 
2299 777 
2300 387 
2301 219 
2302 295 
2303 426 
2304 379 
2305 209 
2306 280 
2307 155 
2308 124 
2309 157 
2310 498 
2311 220 
2312 142 
2313 3541 
2314 558 
2315 3640 
2316 192 
2317 348 
2318 3018 
2319 1377 
2320 478 
2321 127 
2322 148 
2323 162 
2324 336 
2325 200 
2326 152 
2327 3128 
2328 3404 
2329 192 
2330 452 
2331 142 
2332 410 
2333 3938 
2334 246 
2335 145 
2336 393 
2337 179 
2338 171 
2339 337 
2340 280 
2341 274 
2342 335 
2343 228 
2344 187 
2345 447 
2346 129 
2347 520 
2348 1662 
2349 424 
2350 214 
2351 236 
2352 508 
2353 327 
2354 241 
2355 276 
2356 180 
2357 199 
2358 1458 
2359 457 
2360 671 
2361 170 
2362 179 
2363 407 
2364 472 
2365 311 
2366 180 
2367 193 
2368 976 
2369 174 
2370 137 
2371 339 
2372 920 
2373 294 
2374 346 
2375 191 
2376 174 
2377 207 
2378 309 
2379 145 
2380 434 
2381 133 
2382 422 
2383 707 
2384 517 
2385 339 
2386 157 
2387 2172 
2388 154 
2389 1162 
2390 242 
2391 804 
2392 279 
2393 188 
2394 3231 
2395 4065 
2396 513 
2397 1938 
2398 143 
2399 326 
2400 262 
2401 173 
2402 186 
2403 225 
2404 2389 
2405 534 
2406 385 
2407 150 
2408 525 
2409 2977 
2410 158 
2411 173 
2412 420 
2413 656 
2414 158 
2415 4039 
2416 602 
2417 155 
2418 269 
2419 228 
2420 3370 
2421 197 
2422 146 
2423 167 
2424 226 
2425 533 
2426 382 
2427 467 
2428 206 
2429 309 
2430 249 
2431 334 
2432 256 
2433 173 
2434 219 
2435 202 
2436 716 
2437 135 
2438 1849 
2439 174 
2440 224 
2441 171 
2442 193 
2443 3437 
2444 1690 
2445 226 
2446 233 
2447 161 
2448 403 
2449 224 
2450 205 
2451 225 
2452 378 
2453 139 
2454 303 
2455 157 
2456 147 
2457 290 
2458 3189 
2459 268 
2460 286 
2461 559 
2462 2783 
2463 1593 
2464 1265 
2465 288 
2466 134 
2467 366 
2468 210 
2469 150 
2470 1012 
2471 715 
2472 652 
2473 1055 
2474 178 
2475 810 
2476 605 
2477 568 
2478 217 
2479 700 
2480 1848 
2481 3465 
2482 229 
2483 2593 
2484 261 
2485 316 
2486 152 
2487 134 
2488 648 
2489 226 
2490 161 
2491 391 
2492 224 
2493 569 
2494 396 
2495 1677 
2496 172 
2497 467 
2498 1840 
2499 916 
2500 349 
2501 395 
2502 328 
2503 423 
2504 1789 
2505 221 
2506 163 
2507 300 
2508 240 
2509 156 
2510 256 
2511 491 
2512 2448 
2513 389 
2514 203 
2515 1990 
2516 872 
2517 388 
2518 301 
2519 181 
2520 214 
2521 164 
2522 129 
2523 124 
2524 2562 
2525 231 
2526 181 
2527 1497 
2528 3646 
2529 908 
2530 732 
2531 3707 
2532 301 
2533 606 
2534 516 
2535 323 
2536 222 
2537 679 
2538 1550 
2539 351 
2540 277 
2541 184 
2542 397 
2543 193 
2544 188 
2545 685 
2546 142 
2547 147 
2548 188 
2549 202 
2550 3469 
2551 265 
2552 475 
2553 391 
2554 382 
2555 312 
2556 390 
2557 202 
2558 198 
2559 3063 
2560 395 
2561 301 
2562 312 
2563 181 
2564 328 
2565 360 
2566 724 
2567 131 
2568 427 
2569 151 
2570 2401 
2571 256 
2572 140 
2573 528 
2574 158 
2575 153 
2576 729 
2577 509 
2578 3684 
2579 282 
2580 2195 
2581 270 
2582 143 
2583 246 
2584 1960 
2585 182 
2586 154 
2587 239 
2588 566 
2589 3856 
2590 242 
2591 3879 
2592 172 
2593 158 
2594 189 
2595 190 
2596 224 
2597 341 
2598 939 
2599 2192 
2600 449 
2601 165 
2602 742 
2603 392 
2604 160 
2605 379 
2606 427 
2607 317 
2608 131 
2609 346 
2610 350 
2611 577 
2612 199 
2613 450 
2614 450 
2615 484 
2616 295 
2617 257 
2618 127 
2619 410 
2620 526 
2621 162 
2622 3725 
2623 354 
2624 515 
2625 3874 
2626 440 
2627 264 
2628 423 
2629 158 
2630 301 
2631 128 
2632 240 
2633 128 
2634 132 
2635 195 
2636 190 
2637 1089 
2638 186 
2639 151 
2640 228 
2641 304 
2642 2589 
2643 154 
2644 263 
2645 252 
2646 393 
2647 349 
2648 367 
2649 197 
2650 796 
2651 306 
2652 215 
2653 129 
2654 550 
2655 221 
2656 4095 
2657 234 
2658 480 
2659 157 
2660 3810 
2661 616 
2662 191 
2663 212 
2664 140 
2665 337 
2666 162 
2667 287 
2668 2491 
2669 3611 
2670 135 
2671 205 
2672 275 
2673 799 
2674 348 
2675 708 
2676 429 
2677 699 
2678 582 
2679 334 
2680 269 
2681 331 
2682 255 
2683 376 
2684 3545 
2685 3413 
2686 229 
2687 128 
2688 392 
2689 172 
2690 143 
2691 145 
2692 422 
2693 379 
2694 418 
2695 739 
2696 214 
2697 786 
2698 3550 
2699 396 
2700 694 
2701 239 
2702 3642 
2703 587 
2704 374 
2705 399 
2706 565 
2707 129 
2708 276 
2709 180 
2710 561 
2711 191 
2712 141 
2713 152 
2714 284 
2715 233 
2716 179 
2717 246 
2718 282 
2719 765 
2720 152 
2721 584 
2722 3768 
2723 504 
2724 142 
2725 202 
2726 159 
2727 770 
2728 146 
2729 316 
2730 3229 
2731 142 
2732 145 
2733 282 
2734 243 
2735 151 
2736 197 
2737 134 
2738 2808 
2739 244 
2740 158 
2741 208 
2742 3461 
2743 195 
2744 2207 
2745 2237 
2746 191 
2747 205 
2748 211 
2749 2768 
2750 506 
2751 223 
2752 222 
2753 431 
2754 336 
2755 347 
2756 328 
2757 194 
2758 214 
2759 393 
2760 809 
2761 2394 
2762 144 
2763 337 
2764 274 
2765 1178 
2766 730 
2767 188 
2768 135 
2769 482 
2770 127 
2771 333 
2772 378 
2773 227 
2774 139 
2775 169 
2776 126 
2777 169 
2778 396 
2779 165 
2780 217 
2781 182 
2782 906 
2783 244 
2784 343 
2785 1475 
2786 307 
2787 469 
2788 196 
2789 696 
2790 3031 
2791 689 
2792 261 
2793 223 
2794 168 
2795 300 
2796 3034 
2797 135 
2798 124 
2799 3982 
2800 318 
2801 159 
2802 507 
2803 581 
2804 226 
2805 576 
2806 340 
2807 210 
2808 1998 
2809 387 
2810 277 
2811 2139 
2812 173 
2813 168 
2814 774 
2815 276 
2816 191 
2817 200 
2818 2026 
2819 134 
2820 283 
2821 294 
2822 182 
2823 167 
2824 269 
2825 236 
2826 292 
2827 165 
2828 288 
2829 166 
2830 152 
2831 271 
2832 189 
2833 161 
2834 260 
2835 402 
2836 173 
2837 242 
2838 150 
2839 2965 
2840 325 
2841 244 
2842 321 
2843 201 
2844 2594 
2845 1507 
2846 528 
2847 563 
2848 131 
2849 324 
2850 487 
2851 154 
2852 257 
2853 224 
2854 158 
2855 192 
2856 2464 
2857 297 
2858 171 
2859 2323 
2860 720 
2861 289 
2862 131 
2863 2627 
2864 250 
2865 240 
2866 206 
2867 257 
2868 1284 
2869 163 
2870 258 
2871 143 
2872 146 
2873 1553 
2874 304 
2875 406 
2876 2847 
2877 3527 
2878 162 
2879 467 
2880 330 
2881 168 
2882 456 
2883 331 
2884 150 
2885 452 
2886 129 
2887 351 
2888 643 
2889 157 
2890 378 
2891 130 
2892 322 
2893 267 
2894 155 
2895 143 
2896 330 
2897 1390 
2898 242 
2899 1618 
2900 209 
2901 140 
2902 348 
2903 325 
2904 198 
2905 409 
2906 187 
2907 202 
2908 1674 
2909 144 
2910 242 
2911 195 
2912 126 
2913 203 
2914 181 
2915 344 
2916 342 
2917 196 
2918 288 
2919 3004 
2920 1270 
2921 220 
2922 814 
2923 130 
2924 157 
2925 2803 
2926 507 
2927 1504 
2928 421 
2929 389 
2930 1037 
2931 128 
2932 1310 
2933 198 
2934 445 
2935 147 
2936 219 
2937 472 
2938 307 
2939 127 
2940 383 
2941 435 
2942 298 
2943 632 
2944 2837 
2945 265 
2946 152 
2947 216 
2948 785 
2949 308 
2950 301 
2951 1209 
2952 597 
2953 184 
2954 250 
2955 697 
2956 295 
2957 723 
2958 125 
2959 178 
2960 3260 
2961 245 
2962 276 
2963 138 
2964 155 
2965 320 
2966 190 
2967 156 
2968 934 
2969 130 
2970 278 
2971 200 
2972 187 
2973 168 
2974 413 
2975 175 
2976 238 
2977 242 
2978 870 
2979 148 
2980 449 
2981 246 
2982 631 
2983 153 
2984 184 
2985 315 
2986 3269 
2987 142 
2988 322 
2989 571 
2990 281 
2991 290 
2992 167 
2993 838 
2994 183 
2995 271 
2996 233 
2997 502 
2998 326 
2999 851 
3000 157 
3001 1033 
3002 289 
3003 131 
3004 310 
3005 131 
3006 167 
3007 214 
3008 3415 
3009 2094 
3010 411 
3011 221 
3012 3699 
3013 418 
3014 289 
3015 803 
3016 354 
3017 134 
3018 264 
3019 2137 
3020 480 
3021 291 
3022 168 
3023 162 
3024 143 
3025 3061 
3026 270 
3027 320 
3028 2299 
3029 262 
3030 249 
3031 406 
3032 189 
3033 222 
3034 233 
3035 2528 
3036 386 
3037 310 
3038 335 
3039 149 
3040 155 
3041 3933 
3042 389 
3043 3712 
3044 134 
3045 206 
3046 170 
3047 262 
3048 292 
3049 1302 
3050 1396 
3051 169 
3052 1034 
3053 430 
3054 274 
3055 133 
3056 2155 
3057 191 
3058 323 
3059 194 
3060 214 
3061 187 
3062 212 
3063 272 
3064 254 
3065 462 
3066 137 
3067 240 
3068 391 
3069 247 
3070 146 
3071 1806 
3072 279 
3073 3489 
3074 406 
3075 248 
3076 204 
3077 227 
3078 253 
3079 340 
3080 2708 
3081 293 
3082 362 
3083 664 
3084 160 
3085 128 
3086 132 
3087 972 
3088 243 
3089 299 
3090 219 
3091 200 
3092 253 
3093 222 
3094 183 
3095 585 
3096 230 
3097 405 
3098 132 
3099 308 
3100 589 
3101 513 
3102 152 
3103 450 
3104 1956 
3105 320 
3106 134 
3107 1630 
3108 149 
3109 506 
3110 148 
3111 629 
3112 254 
3113 190 
3114 146 
3115 136 
3116 196 
3117 1990 
3118 468 
3119 280 
3120 441 
3121 186 
3122 201 
3123 229 
3124 2578 
3125 126 
3126 259 
3127 154 
3128 151 
3129 547 
3130 128 
3131 145 
3132 245 
3133 192 
3134 174 
3135 156 
3136 315 
3137 355 
3138 2114 
3139 459 
3140 1127 
3141 1025 
3142 949 
3143 173 
3144 242 
3145 220 
3146 209 
3147 176 
3148 2119 
3149 330 
3150 133 
3151 133 
3152 161 
3153 881 
3154 288 
3155 336 
3156 964 
3157 253 
3158 371 
3159 237 
3160 145 
3161 204 
3162 159 
3163 2132 
3164 239 
3165 168 
3166 216 
3167 221 
3168 360 
3169 226 
3170 152 
3171 367 
3172 141 
3173 188 
3174 290 
3175 396 
3176 423 
3177 229 
3178 260 
3179 236 
3180 153 
3181 379 
3182 1176 
3183 151 
3184 444 
3185 131 
3186 165 
3187 302 
3188 379 
3189 168 
3190 270 
3191 134 
3192 128 
3193 452 
3194 357 
3195 424 
3196 142 
3197 139 
3198 302 
3199 535 
3200 131 
3201 171 
3202 1706 
3203 150 
3204 136 
3205 212 
3206 425 
3207 223 
3208 184 
3209 275 
3210 1064 
3211 424 
3212 2593 
3213 255 
3214 192 
3215 810 
3216 448 
3217 290 
3218 246 
3219 310 
3220 223 
3221 926 
3222 138 
3223 137 
3224 2308 
3225 2843 
3226 186 
3227 2512 
3228 967 
3229 1490 
3230 366 
3231 3937 
3232 3032 
3233 466 
3234 684 
3235 196 
3236 158 
3237 226 
3238 379 
3239 926 
3240 185 
3241 214 
3242 209 
3243 352 
3244 335 
3245 214 
3246 350 
3247 652 
3248 517 
3249 275 
3250 2885 
3251 219 
3252 270 
3253 239 
3254 426 
3255 211 
3256 476 
3257 399 
3258 222 
3259 129 
3260 394 
3261 269 
3262 127 
3263 230 
3264 181 
3265 419 
3266 135 
3267 2625 
3268 304 
3269 131 
3270 635 
3271 153 
3272 193 
3273 542 
3274 148 
3275 187 
3276 161 
3277 275 
3278 274 
3279 170 
3280 492 
3281 232 
3282 196 
3283 155 
3284 324 
3285 145 
3286 1869 
3287 3988 
3288 277 
3289 176 
3290 280 
3291 130 
3292 210 
3293 351 
3294 125 
3295 181 
3296 2841 
3297 253 
3298 163 
3299 421 
3300 510 
3301 131 
3302 299 
3303 294 
3304 270 
3305 164 
3306 259 
3307 509 
3308 464 
3309 591 
3310 166 
3311 645 
3312 167 
3313 175 
3314 182 
3315 348 
3316 126 
3317 552 
3318 743 
3319 131 
3320 175 
3321 392 
3322 132 
3323 158 
3324 412 
3325 552 
3326 551 
3327 884 
3328 126 
3329 136 
3330 268 
3331 268 
3332 495 
3333 641 
3334 3108 
3335 3487 
3336 436 
3337 136 
3338 375 
3339 200 
3340 297 
3341 448 
3342 297 
3343 476 
3344 3343 
3345 419 
3346 165 
3347 158 
3348 175 
3349 133 
3350 264 
3351 2049 
3352 153 
3353 263 
3354 569 
3355 194 
3356 1021 
3357 206 
3358 189 
3359 182 
3360 2542 
3361 1646 
3362 472 
3363 277 
3364 444 
3365 148 
3366 541 
3367 375 
3368 3207 
3369 348 
3370 2559 
3371 366 
3372 298 
3373 270 
3374 313 
3375 258 
3376 316 
3377 242 
3378 361 
3379 670 
3380 322 
3381 178 
3382 298 
3383 330 
3384 148 
3385 199 
3386 205 
3387 454 
3388 256 
3389 161 
3390 323 
3391 192 
3392 355 
3393 252 
3394 171 
3395 235 
3396 744 
3397 206 
3398 264 
3399 221 
3400 221 
3401 504 
3402 233 
3403 2994 
3404 185 
3405 368 
3406 344 
3407 565 
3408 337 
3409 651 
3410 282 
3411 519 
3412 161 
3413 244 
3414 267 
3415 3204 
3416 189 
3417 160 
3418 190 
3419 324 
3420 456 
3421 1251 
3422 321 
3423 168 
3424 313 
3425 383 
3426 1736 
3427 312 
3428 159 
3429 356 
3430 1162 
3431 153 
3432 627 
3433 153 
3434 159 
3435 203 
3436 130 
3437 1293 
3438 381 
3439 211 
3440 219 
3441 493 
3442 628 
3443 167 
3444 129 
3445 156 
3446 145 
3447 189 
3448 640 
3449 223 
3450 150 
3451 1547 
3452 467 
3453 163 
3454 192 
3455 280 
3456 2769 
3457 331 
3458 127 
3459 216 
3460 327 
3461 419 
3462 489 
3463 717 
3464 375 
3465 333 
3466 242 
3467 171 
3468 160 
3469 3422 
3470 459 
3471 197 
3472 202 
3473 149 
3474 192 
3475 533 
3476 356 
3477 640 
3478 143 
3479 192 
3480 744 
3481 140 
3482 184 
3483 404 
3484 269 
3485 618 
3486 247 
3487 766 
3488 264 
3489 239 
3490 253 
3491 770 
3492 769 
3493 165 
3494 2850 
3495 216 
3496 2737 
3497 541 
3498 180 
3499 2462 
3500 149 
3501 310 
3502 160 
3503 448 
3504 2732 
3505 217 
3506 217 
3507 429 
3508 384 
3509 3341 
3510 156 
3511 369 
3512 206 
3513 185 
3514 2812 
3515 180 
3516 204 
3517 185 
3518 218 
3519 355 
3520 612 
3521 655 
3522 249 
3523 155 
3524 315 
3525 208 
3526 194 
3527 457 
3528 657 
3529 486 
3530 150 
3531 329 
3532 3722 
3533 4082 
3534 156 
3535 339 
3536 153 
3537 226 
3538 244 
3539 295 
3540 348 
3541 245 
3542 126 
3543 183 
3544 622 
3545 189 
3546 387 
3547 266 
3548 155 
3549 2155 
3550 348 
3551 501 
3552 4095 
3553 241 
3554 133 
3555 189 
3556 691 
3557 546 
3558 137 
3559 381 
3560 147 
3561 2477 
3562 307 
3563 188 
3564 326 
3565 729 
3566 345 
3567 128 
3568 213 
3569 525 
3570 474 
3571 139 
3572 139 
3573 809 
3574 254 
3575 241 
3576 771 
3577 561 
3578 256 
3579 140 
3580 518 
3581 188 
3582 170 
3583 168 
3584 267 
3585 133 
3586 254 
3587 157 
3588 267 
3589 567 
3590 3295 
3591 558 
3592 226 
3593 232 
3594 561 
3595 250 
3596 326 
3597 1072 
3598 342 
3599 266 
3600 332 
3601 170 
3602 128 
3603 171 
3604 182 
3605 140 
3606 233 
3607 272 
3608 320 
3609 378 
3610 356 
3611 332 
3612 274 
3613 134 
3614 164 
3615 379 
3616 356 
3617 198 
3618 462 
3619 556 
3620 2832 
3621 255 
3622 388 
3623 129 
3624 292 
3625 453 
3626 185 
3627 136 
3628 520 
3629 351 
3630 359 
3631 212 
3632 2123 
3633 339 
3634 249 
3635 409 
3636 1591 
3637 2354 
3638 320 
3639 153 
3640 460 
3641 256 
3642 421 
3643 254 
3644 157 
3645 126 
3646 3617 
3647 3162 
3648 219 
3649 298 
3650 162 
3651 2074 
3652 3039 
3653 141 
3654 430 
3655 738 
3656 471 
3657 521 
3658 158 
3659 213 
3660 183 
3661 637 
3662 369 
3663 195 
3664 3654 
3665 169 
3666 352 
3667 3097 
3668 137 
3669 533 
3670 279 
3671 199 
3672 186 
3673 210 
3674 148 
3675 140 
3676 439 
3677 188 
3678 249 
3679 205 
3680 194 
3681 325 
3682 1132 
3683 1254 
3684 162 
3685 383 
3686 147 
3687 304 
3688 129 
3689 378 
3690 248 
3691 3249 
3692 489 
3693 340 
3694 237 
3695 913 
3696 848 
3697 2470 
3698 181 
3699 4055 
3700 156 
3701 273 
3702 290 
3703 259 
3704 268 
3705 205 
3706 332 
3707 616 
3708 343 
3709 644 
3710 129 
3711 273 
3712 318 
3713 859 
3714 1078 
3715 182 
3716 354 
3717 198 
3718 281 
3719 206 
3720 145 
3721 2184 
3722 324 
3723 134 
3724 160 
3725 172 
3726 395 
3727 312 
3728 507 
3729 164 
3730 131 
3731 146 
3732 182 
3733 1313 
3734 470 
3735 226 
3736 163 
3737 152 
3738 190 
3739 133 
3740 654 
3741 525 
3742 282 
3743 203 
3744 237 
3745 481 
3746 413 
3747 347 
3748 297 
3749 282 
3750 162 
3751 203 
3752 337 
3753 152 
3754 1596 
3755 189 
3756 418 
3757 3360 
3758 290 
3759 3010 
3760 267 
3761 272 
3762 238 
3763 281 
3764 250 
3765 746 
3766 184 
3767 125 
3768 268 
3769 338 
3770 147 
3771 500 
3772 153 
3773 187 
3774 192 
3775 465 
3776 214 
3777 220 
3778 592 
3779 132 
3780 230 
3781 1568 
3782 261 
3783 171 
3784 145 
3785 290 
3786 514 
3787 219 
3788 499 
3789 375 
3790 168 
3791 531 
3792 421 
3793 153 
3794 4095 
3795 148 
3796 298 
3797 137 
3798 238 
3799 240 
3800 389 
3801 188 
3802 418 
3803 337 
3804 130 
3805 247 
3806 283 
3807 249 
3808 544 
3809 1558 
3810 167 
3811 341 
3812 158 
3813 159 
3814 331 
3815 2456 
3816 589 
3817 171 
3818 418 
3819 3238 
3820 399 
3821 317 
3822 247 
3823 576 
3824 387 
3825 236 
3826 183 
3827 619 
3828 342 
3829 201 
3830 246 
3831 322 
3832 163 
3833 479 
3834 385 
3835 185 
3836 381 
3837 220 
3838 276 
3839 188 
3840 234 
3841 241 
3842 386 
3843 526 
3844 426 
3845 2862 
3846 3331 
3847 189 
3848 1544 
3849 265 
3850 335 
3851 338 
3852 490 
3853 450 
3854 133 
3855 1455 
3856 257 
3857 204 
3858 203 
3859 210 
3860 3204 
3861 232 
3862 282 
3863 1179 
3864 432 
3865 236 
3866 171 
3867 415 
3868 165 
3869 191 
3870 139 
3871 1397 
3872 325 
3873 141 
3874 219 
3875 519 
3876 1395 
3877 219 
3878 305 
3879 147 
3880 3993 
3881 259 
3882 220 
3883 136 
3884 143 
3885 3729 
3886 451 
3887 207 
3888 207 
3889 146 
3890 324 
3891 190 
3892 465 
3893 225 
3894 337 
3895 3552 
3896 397 
3897 164 
3898 139 
3899 290 
3900 290 
3901 349 
3902 311 
3903 160 
3904 133 
3905 173 
3906 230 
3907 292 
3908 339 
3909 150 
3910 706 
3911 141 
3912 251 
3913 344 
3914 269 
3915 221 
3916 318 
3917 336 
3918 576 
3919 184 
3920 237 
3921 233 
3922 300 
3923 209 
3924 204 
3925 1726 
3926 244 
3927 297 
3928 3840 
3929 378 
3930 182 
3931 389 
3932 349 
3933 2600 
3934 300 
3935 1969 
3936 167 
3937 645 
3938 526 
3939 129 
3940 160 
3941 186 
3942 780 
3943 159 
3944 473 
3945 171 
3946 138 
3947 3020 
3948 330 
3949 373 
3950 422 
3951 878 
3952 142 
3953 223 
3954 1686 
3955 188 
3956 300 
3957 157 
3958 222 
3959 411 
3960 206 
3961 600 
3962 344 
3963 435 
3964 418 
3965 222 
3966 433 
3967 193 
3968 163 
3969 164 
3970 341 
3971 130 
3972 208 
3973 583 
3974 291 
3975 348 
3976 259 
3977 587 
3978 150 
3979 3529 
3980 170 
3981 126 
3982 138 
3983 189 
3984 270 
3985 306 
3986 174 
3987 3258 
3988 426 
3989 3111 
3990 182 
3991 242 
3992 577 
3993 527 
3994 152 
3995 320 
3996 228 
3997 150 
3998 180 
3999 265 
4000 179 
4001 145 
4002 172 
4003 3618 
4004 265 
4005 3515 
4006 289 
4007 2901 
4008 512 
4009 140 
4010 301 
4011 233 
4012 139 
4013 2200 
4014 152 
4015 218 
4016 1066 
4017 151 
4018 180 
4019 400 
4020 297 
4021 223 
4022 179 
4023 126 
4024 140 
4025 180 
4026 503 
4027 287 
4028 230 
4029 165 
4030 165 
4031 283 
4032 623 
4033 174 
4034 1029 
4035 146 
4036 174 
4037 611 
4038 134 
4039 201 
4040 192 
4041 1572 
4042 139 
4043 285 
4044 201 
4045 302 
4046 782 
4047 487 
4048 569 
4049 492 
4050 293 
4051 243 
4052 416 
4053 292 
4054 154 
4055 444 
4056 333 
4057 287 
4058 199 
4059 233 
4060 253 
4061 3367 
4062 1181 
4063 268 
4064 2449 
4065 411 
4066 240 
4067 281 
4068 217 
4069 233 
4070 128 
4071 666 
4072 161 
4073 133 
4074 127 
4075 285 
4076 213 
4077 294 
4078 474 
4079 157 
4080 1798 
4081 127 
4082 311 
4083 556 
4084 257 
4085 610 
4086 222 
4087 443 
4088 239 
4089 129 
4090 185 
4091 352 
4092 215 
4093 206 
4094 200 
4095 2455 
4096 167 
4097 475 
4098 238 
4099 197 
4100 1041 
4101 195 
4102 156 
4103 3269 
4104 221 
4105 273 
4106 547 
4107 334 
4108 139 
4109 2311 
4110 400 
4111 280 
4112 3732 
4113 171 
4114 254 
4115 125 
4116 217 
4117 492 
4118 3570 
4119 3874 
4120 219 
4121 382 
4122 210 
4123 224 
4124 418 
4125 398 
4126 4006 
4127 236 
4128 415 
4129 3901 
4130 360 
4131 158 
4132 161 
4133 247 
4134 487 
4135 178 
4136 344 
4137 796 
4138 342 
4139 223 
4140 891 
4141 253 
4142 298 
4143 139 
4144 778 
4145 252 
4146 174 
4147 220 
4148 961 
4149 133 
4150 4057 
4151 193 
4152 284 
4153 315 
4154 199 
4155 188 
4156 366 
4157 248 
4158 754 
4159 189 
4160 268 
4161 444 
4162 160 
4163 128 
4164 214 
4165 169 
4166 494 
4167 449 
4168 345 
4169 290 
4170 265 
4171 369 
4172 346 
4173 187 
4174 178 
4175 129 
4176 236 
4177 142 
4178 443 
4179 176 
4180 672 
4181 130 
4182 616 
4183 590 
4184 195 
4185 297 
4186 211 
4187 277 
4188 3907 
4189 127 
4190 272 
4191 235 
4192 159 
4193 1188 
4194 421 
4195 150 
4196 965 
4197 132 
4198 463 
4199 125 
4200 253 
4201 306 
4202 389 
4203 156 
4204 338 
4205 339 
4206 274 
4207 1380 
4208 408 
4209 220 
4210 221 
4211 1251 
4212 761 
4213 183 
4214 139 
4215 956 
4216 845 
4217 2714 
4218 141 
4219 844 
4220 3470 
4221 146 
4222 217 
4223 1309 
4224 609 
4225 251 
4226 127 
4227 180 
4228 140 
4229 152 
4230 1064 
4231 361 
4232 379 
4233 780 
4234 374 
4235 204 
4236 255 
4237 215 
4238 294 
4239 853 
4240 146 
4241 384 
4242 2993 
4243 188 
4244 350 
4245 157 
4246 192 
4247 220 
4248 3554 
4249 212 
4250 143 
4251 460 
4252 350 
4253 139 
4254 3755 
4255 183 
4256 429 
4257 209 
4258 206 
4259 179 
4260 241 
4261 3105 
4262 510 
4263 1774 
4264 480 
4265 547 
4266 240 
4267 3039 
4268 203 
4269 135 
4270 913 
4271 164 
4272 187 
4273 152 
4274 191 
4275 147 
4276 3382 
4277 436 
4278 1665 
4279 527 
4280 3738 
4281 221 
4282 182 
4283 265 
4284 205 
4285 347 
4286 3133 
4287 195 
4288 152 
4289 972 
4290 182 
4291 381 
4292 157 
4293 429 
4294 161 
4295 228 
4296 422 
4297 316 
4298 324 
4299 355 
4300 161 
4301 611 
4302 252 
4303 209 
4304 649 
4305 391 
4306 136 
4307 150 
4308 392 
4309 1097 
4310 137 
4311 239 
4312 313 
4313 273 
4314 161 
4315 199 
4316 148 
4317 158 
4318 647 
4319 456 
4320 281 
4321 3467 
4322 379 
4323 126 
4324 289 
4325 192 
4326 298 
4327 555 
4328 323 
4329 513 
4330 223 
4331 321 
4332 282 
4333 265 
4334 311 
4335 282 
4336 221 
4337 324 
4338 229 
4339 146 
4340 203 
4341 1413 
4342 216 
4343 409 
4344 653 
4345 267 
4346 143 
4347 364 
4348 288 
4349 142 
4350 408 
4351 133 
4352 431 
4353 130 
4354 146 
4355 236 
4356 368 
4357 159 
4358 358 
4359 3658 
4360 3846 
4361 173 
4362 332 
4363 168 
4364 442 
4365 414 
4366 152 
4367 149 
4368 335 
4369 361 
4370 2968 
4371 230 
4372 306 
4373 539 
4374 276 
4375 239 
4376 365 
4377 1263 
4378 378 
4379 161 
4380 313 
4381 168 
4382 414 
4383 207 
4384 584 
4385 273 
4386 182 
4387 565 
4388 206 
4389 189 
4390 157 
4391 3853 
4392 213 
4393 137 
4394 398 
4395 369 
4396 228 
4397 165 
4398 237 
4399 349 
4400 197 
4401 139 
4402 1062 
4403 233 
4404 2200 
4405 140 
4406 1252 
4407 245 
4408 310 
4409 224 
4410 3635 
4411 249 
4412 147 
4413 224 
4414 826 
4415 1286 
4416 214 
4417 362 
4418 3097 
4419 189 
4420 138 
4421 3006 
4422 389 
4423 147 
4424 451 
4425 479 
4426 379 
4427 321 
4428 613 
4429 150 
4430 2671 
4431 1216 
4432 464 
4433 402 
4434 336 
4435 175 
4436 259 
4437 260 
4438 481 
4439 350 
4440 271 
4441 133 
4442 512 
4443 2018 
4444 143 
4445 370 
4446 130 
4447 190 
4448 171 
4449 160 
4450 217 
4451 162 
4452 307 
4453 3407 
4454 143 
4455 259 
4456 199 
4457 491 
4458 1954 
4459 189 
4460 264 
4461 423 
4462 133 
4463 3900 
4464 1426 
4465 1141 
4466 2292 
4467 149 
4468 413 
4469 240 
4470 2523 
4471 419 
4472 535 
4473 177 
4474 3652 
4475 262 
4476 190 
4477 184 
4478 703 
4479 3579 
4480 208 
4481 317 
4482 142 
4483 132 
4484 169 
4485 165 
4486 990 
4487 205 
4488 2039 
4489 3071 
4490 579 
4491 259 
4492 536 
4493 161 
4494 227 
4495 257 
4496 1784 
4497 156 
4498 297 
4499 136 
4500 719 
4501 579 
4502 522 
4503 707 
4504 287 
4505 298 
4506 204 
4507 311 
4508 1421 
4509 453 
4510 339 
4511 195 
4512 437 
4513 130 
4514 712 
4515 1851 
4516 180 
4517 290 
4518 269 
4519 345 
4520 228 
4521 2030 
4522 126 
4523 257 
4524 127 
4525 181 
4526 377 
4527 453 
4528 2691 
4529 189 
4530 339 
4531 316 
4532 136 
4533 178 
4534 1229 
4535 146 
4536 247 
4537 210 
4538 396 
4539 346 
4540 393 
4541 266 
4542 253 
4543 196 
4544 2527 
4545 185 
4546 196 
4547 234 
4548 2384 
4549 277 
4550 387 
4551 201 
4552 379 
4553 252 
4554 330 
4555 128 
4556 417 
4557 387 
4558 445 
4559 127 
4560 138 
4561 179 
4562 256 
4563 251 
4564 209 
4565 603 
4566 190 
4567 169 
4568 226 
4569 1497 
4570 205 
4571 157 
4572 163 
4573 1336 
4574 155 
4575 1562 
4576 493 
4577 464 
4578 512 
4579 403 
4580 368 
4581 246 
4582 384 
4583 242 
4584 277 
4585 176 
4586 128 
4587 460 
4588 130 
4589 317 
4590 177 
4591 158 
4592 160 
4593 271 
4594 137 
4595 342 
4596 137 
4597 267 
4598 289 
4599 166 
4600 188 
4601 886 
4602 3225 
4603 3366 
4604 216 
4605 3136 
4606 173 
4607 479 
4608 501 
4609 133 
4610 455 
4611 269 
4612 2119 
4613 470 
4614 218 
4615 268 
4616 511 
4617 126 
4618 207 
4619 147 
4620 262 
4621 349 
4622 153 
4623 559 
4624 153 
4625 272 
4626 339 
4627 291 
4628 1225 
4629 454 
4630 1716 
4631 153 
4632 668 
4633 140 
4634 210 
4635 151 
4636 197 
4637 230 
4638 127 
4639 1994 
4640 501 
4641 189 
4642 237 
4643 677 
4644 287 
4645 2124 
4646 521 
4647 187 
4648 440 
4649 261 
4650 513 
4651 221 
4652 152 
4653 189 
4654 214 
4655 195 
4656 407 
4657 279 
4658 127 
4659 128 
4660 468 
4661 237 
4662 132 
4663 203 
4664 241 
4665 278 
4666 2967 
4667 607 
4668 1486 
4669 3441 
4670 689 
4671 227 
4672 334 
4673 1050 
4674 273 
4675 180 
4676 238 
4677 128 
4678 131 
4679 374 
4680 207 
4681 178 
4682 170 
4683 225 
4684 2589 
4685 187 
4686 350 
4687 131 
4688 213 
4689 262 
4690 1018 
4691 128 
4692 194 
4693 492 
4694 2568 
4695 711 
4696 3853 
4697 272 
4698 164 
4699 142 
4700 324 
4701 246 
4702 1915 
4703 209 
4704 302 
4705 222 
4706 188 
4707 173 
4708 316 
4709 1265 
4710 326 
4711 612 
4712 2370 
4713 141 
4714 241 
4715 192 
4716 2536 
4717 262 
4718 198 
4719 522 
4720 369 
4721 184 
4722 170 
4723 260 
4724 3997 
4725 588 
4726 2898 
4727 202 
4728 279 
4729 481 
4730 138 
4731 382 
4732 135 
4733 927 
4734 340 
4735 204 
4736 293 
4737 286 
4738 204 
4739 173 
4740 3974 
4741 393 
4742 3628 
4743 136 
4744 166 
4745 192 
4746 354 
4747 2809 
4748 633 
4749 179 
4750 3062 
4751 312 
4752 254 
4753 293 
4754 439 
4755 685 
4756 217 
4757 319 
4758 261 
4759 392 
4760 259 
4761 2799 
4762 583 
4763 152 
4764 139 
4765 321 
4766 321 
4767 329 
4768 480 
4769 504 
4770 394 
4771 388 
4772 499 
4773 382 
4774 144 
4775 264 
4776 326 
4777 611 
4778 1224 
4779 156 
4780 589 
4781 160 
4782 202 
4783 823 
